mbs            pps            sysload        sysload_dev    missed_perc    missed_perc_dev
892.0          558055.0       99.2           0.32           91.3           1.14           
767.0          479695.6       96.5           0.55           35.8           0.00           
706.8          442063.4       89.6           0.00           0.0            0.00           
518.4          324371.8       64.5           0.32           0.0            0.00           
395.8          247712.4       55.4           0.00           0.0            0.00           
318.0          199137.6       40.9           0.00           0.0            0.00           
265.0          166081.4       34.4           0.00           0.0            0.00           
199.0          124713.6       26.7           0.00           0.0            0.00           
159.0          99891.0        21.6           0.00           0.0            0.00           
